塞曼效应实验
20221013
sDDF
JHK
E:\20161017软件\20221013_sDDF
2642
96	292
97	292
98	296
99	304
100	308
101	316
102	324
103	344
104	350
105	356
106	369
107	383
108	396
109	404
110	412
111	428
112	436
113	444
114	456
115	462
116	468
117	480
118	484
119	488
120	496
121	500
122	504
123	512
124	514
125	516
126	518
127	520
128	524
129	524
130	524
131	524
132	524
133	524
134	524
135	522
136	520
137	518
138	516
139	512
140	508
141	504
142	500
143	496
144	492
145	484
146	480
147	476
148	468
149	464
150	456
151	448
152	444
153	432
154	428
155	424
156	412
157	408
158	404
159	396
160	388
161	380
162	376
163	376
164	372
165	364
166	364
167	360
168	356
169	356
170	356
171	356
172	356
173	356
174	356
175	360
176	360
177	364
178	368
179	374
180	380
181	384
182	388
183	396
184	400
185	408
186	416
187	420
188	424
189	436
190	448
191	452
192	456
193	460
194	472
195	476
196	480
197	488
198	492
199	496
200	500
201	504
202	508
203	508
204	512
205	512
206	512
207	512
208	510
209	508
210	508
211	504
212	504
213	496
214	496
215	492
216	484
217	480
218	475
219	469
220	464
221	456
222	452
223	444
224	436
225	432
226	428
227	416
228	410
229	404
230	400
231	396
232	392
233	388
234	384
235	380
236	376
237	376
238	374
239	372
240	372
241	372
242	372
243	372
244	376
245	376
246	380
247	384
248	388
249	392
250	396
251	400
252	412
253	416
254	420
255	432
256	436
257	444
258	452
259	460
260	468
261	480
262	484
263	492
264	504
265	508
266	516
267	523
268	529
269	536
270	548
271	552
272	564
273	568
274	572
275	576
276	584
277	584
278	588
279	592
280	596
281	596
282	596
283	596
284	596
285	596
286	596
287	592
288	590
289	588
290	584
291	580
292	576
293	572
294	564
295	556
296	552
297	545
298	539
299	532
300	524
301	520
302	516
303	504
304	500
305	492
306	484
307	480
308	472
309	464
310	460
311	459
312	458
313	457
314	456
315	436
316	432
317	428
318	424
319	424
320	420
321	420
322	420
323	420
324	420
325	420
326	420
327	422
328	424
329	424
330	428
331	428
332	432
333	436
334	436
335	440
336	444
337	448
338	451
339	453
340	456
341	464
342	464
343	468
344	468
345	472
346	476
347	476
348	477
349	478
350	479
351	481
352	482
353	483
354	484
355	488
356	488
357	488
358	486
359	484
360	484
361	480
362	480
363	476
364	472
365	472
366	468
367	464
368	460
369	456
370	452
371	448
372	444
373	436
374	432
375	424
376	420
377	416
378	412
379	408
380	404
381	400
382	392
383	388
384	384
385	380
386	376
387	376
388	372
389	370
390	368
391	368
392	364
393	364
394	364
395	368
396	368
397	368
398	372
399	374
400	376
401	380
402	388
403	388
404	392
405	398
406	404
407	408
408	416
409	423
410	429
411	436
412	444
413	452
414	456
415	464
416	472
417	476
418	484
419	488
420	493
421	499
422	504
423	512
424	520
425	524
426	528
427	532
428	536
429	540
430	540
431	544
432	548
433	548
434	548
435	548
436	548
437	548
438	548
439	544
440	544
441	540
442	536
443	536
444	532
445	528
446	524
447	516
448	512
449	504
450	496
451	489
452	483
453	476
454	464
455	460
456	452
457	448
458	440
459	428
460	420
461	416
462	406
463	396
464	392
465	384
466	380
467	368
468	364
469	360
470	352
471	344
472	340
473	336
474	332
475	328
476	324
477	320
478	316
479	316
480	312
481	308
482	308
483	306
484	304
485	304
486	304
487	304
488	304
489	304
490	304
491	304
492	304
493	304
494	304
495	304
496	304
497	304
498	304
499	304
500	304
501	304
502	304
503	304
504	304
505	304
506	304
507	300
508	299
509	298
510	297
511	296
512	296
513	292
514	291
515	289
516	288
517	284
518	280
519	276
520	272
521	272
522	268
523	260
524	260
525	256
526	250
527	244
528	240
529	236
530	232
531	224
532	220
533	216
534	212
535	212
536	207
537	201
538	196
539	192
540	188
541	184
542	180
543	172
544	172
545	171
546	170
547	170
548	169
549	168
550	156
551	152
552	148
553	148
554	148
555	144
556	144
557	144
558	142
559	140
560	140
561	140
562	140
563	140
564	140
565	140
566	140
567	140
568	140
569	140
570	140
571	140
572	140
573	140
574	144
575	144
576	144
577	144
578	144
579	144
580	144
581	144
582	144
583	148
584	148
585	148
586	148
587	148
588	144
589	144
590	144
591	144
592	144
593	144
594	144
595	144
596	140
597	140
598	140
599	136
600	136
601	134
602	132
603	132
604	128
605	128
606	124
607	124
608	124
609	120
610	116
611	115
612	113
613	112
614	112
615	108
616	104
617	104
618	100
619	96
620	96
621	92
622	91
623	89
624	88
625	84
626	84
627	80
628	80
629	76
630	76
631	72
632	72
633	70
634	68
635	68
636	64
637	64
638	64
639	60
640	60
641	60
642	60
643	56
644	56
645	56
646	56
647	56
648	52
649	52
650	52
651	52
652	52
653	52
654	48
655	48
656	48
657	48
658	48
659	48
660	48
661	48
662	48
663	48
664	48
665	48
666	48
667	48
668	44
669	44
670	44
671	44
672	44
673	44
674	44
675	44
676	44
677	44
678	44
679	44
680	44
681	44
682	44
683	44
684	44
685	44
686	44
687	44
688	44
689	44
690	44
691	44
692	44
693	44
694	44
695	44
696	48
697	48
698	48
699	48
700	48
701	48
702	48
703	48
704	48
705	48
706	48
707	48
708	48
709	48
710	48
711	48
712	48
713	48
714	50
715	52
716	52
717	52
718	52
719	52
720	52
721	52
722	52
723	52
724	52
725	52
726	52
727	52
728	52
729	52
730	52
731	52
732	52
733	52
734	52
735	52
736	52
737	52
738	52
739	52
740	52
741	52
742	52
743	52
744	52
745	52
746	52
747	52
748	52
749	52
750	52
751	52
752	52
753	52
754	52
755	52
756	52
757	52
758	52
759	56
760	56
761	56
762	56
763	56
764	56
765	60
766	61
767	63
768	64
769	64
770	68
771	68
772	68
773	72
774	76
775	76
776	80
777	82
778	84
779	85
780	86
781	86
782	87
783	88
784	100
785	104
786	106
787	108
788	111
789	113
790	116
791	116
792	120
793	124
794	124
795	128
796	128
797	128
798	132
799	133
800	135
801	136
802	136
803	136
804	136
805	136
806	136
807	140
808	140
809	136
810	136
811	136
812	136
813	136
814	136
815	132
816	132
817	132
818	132
819	132
820	128
821	128
822	127
823	125
824	124
825	124
826	124
827	124
828	124
829	124
830	124
831	124
832	124
833	124
834	126
835	128
836	128
837	132
838	132
839	136
840	136
841	140
842	140
843	144
844	148
845	152
846	156
847	160
848	164
849	172
850	176
851	180
852	184
853	188
854	196
855	200
856	207
857	213
858	220
859	226
860	232
861	240
862	248
863	252
864	260
865	268
866	276
867	280
868	284
869	288
870	292
871	304
872	308
873	308
874	312
875	316
876	324
877	324
878	328
879	329
880	331
881	332
882	332
883	336
884	336
885	336
886	336
887	336
888	332
889	332
890	331
891	329
892	328
893	328
894	324
895	322
896	320
897	318
898	316
899	312
900	308
901	305
902	303
903	300
904	300
905	300
906	296
907	296
908	296
909	292
910	292
911	292
912	292
913	292
914	294
915	296
916	300
917	300
918	304
919	304
920	308
921	316
922	320
923	324
924	328
925	336
926	344
927	352
928	356
929	364
930	372
931	376
932	384
933	392
934	404
935	412
936	420
937	432
938	444
939	448
940	456
941	464
942	472
943	476
944	484
945	492
946	500
947	504
948	510
949	516
950	516
951	520
952	524
953	524
954	524
955	524
956	524
957	524
958	524
959	521
960	519
961	516
962	512
963	508
964	504
965	496
966	492
967	488
968	480
969	472
970	465
971	459
972	452
973	444
974	440
975	432
976	420
977	412
978	408
979	400
980	396
981	388
982	384
983	378
984	372
985	368
986	364
987	360
988	356
989	356
990	352
991	352
992	352
993	352
994	353
995	355
996	356
997	356
998	360
999	364
1000	372
1001	376
1002	381
1003	386
1004	391
1005	396
1006	404
1007	412
1008	416
1009	424
1010	428
1011	436
1012	440
1013	448
1014	460
1015	464
1016	468
1017	472
1018	477
1019	483
1020	488
1021	492
1022	496
1023	500
1024	500
1025	504
1026	504
1027	504
1028	504
1029	504
1030	504
1031	504
1032	500
1033	500
1034	492
1035	492
1036	488
1037	484
1038	480
1039	472
1040	467
1041	461
1042	456
1043	450
1044	444
1045	440
1046	432
1047	424
1048	420
1049	412
1050	408
1051	404
1052	400
1053	394
1054	388
1055	384
1056	380
1057	380
1058	376
1059	376
1060	372
1061	372
1062	372
1063	372
1064	373
1065	375
1066	376
1067	380
1068	384
1069	388
1070	392
1071	396
1072	400
1073	404
1074	412
1075	416
1076	425
1077	435
1078	444
1079	448
1080	456
1081	464
1082	472
1083	484
1084	492
1085	500
1086	508
1087	512
1088	519
1089	525
1090	532
1091	544
1092	552
1093	556
1094	564
1095	568
1096	572
1097	576
1098	580
1099	584
1100	588
1101	592
1102	592
1103	592
1104	592
1105	596
1106	592
1107	592
1108	588
1109	588
1110	584
1111	584
1112	580
1113	576
1114	568
1115	564
1116	560
1117	552
1118	548
1119	536
1120	534
1121	532
1122	520
1123	513
1124	507
1125	500
1126	496
1127	488
1128	476
1129	472
1130	468
1131	460
1132	456
1133	452
1134	448
1135	442
1136	436
1137	432
1138	428
1139	428
1140	424
1141	420
1142	420
1143	420
1144	420
1145	420
1146	420
1147	420
1148	420
1149	420
1150	424
1151	424
1152	428
1153	428
1154	432
1155	436
1156	440
1157	440
1158	444
1159	448
1160	452
1161	452
1162	456
1163	460
1164	464
1165	468
1166	468
1167	472
1168	472
1169	476
1170	476
1171	478
1172	480
1173	484
1174	484
1175	484
1176	484
1177	484
1178	484
1179	484
1180	480
1181	480
1182	480
1183	478
1184	476
1185	472
1186	468
1187	468
1188	464
1189	460
1190	452
1191	448
1192	444
1193	440
1194	435
1195	431
1196	426
1197	421
1198	417
1199	412
1200	408
1201	404
1202	400
1203	396
1204	392
1205	388
1206	384
1207	380
1208	376
1209	372
1210	372
1211	368
1212	367
1213	366
1214	365
1215	364
1216	364
1217	368
1218	369
1219	371
1220	372
1221	376
1222	376
1223	384
1224	388
1225	392
1226	396
1227	400
1228	404
1229	412
1230	417
1231	423
1232	428
1233	436
1234	444
1235	448
1236	456
1237	460
1238	468
1239	472
1240	484
1241	488
1242	493
1243	499
1244	504
1245	512
1246	516
1247	520
1248	522
1249	523
1250	525
1251	526
1252	528
1253	540
1254	542
1255	544
1256	548
1257	548
1258	548
1259	544
1260	544
1261	544
1262	540
1263	540
1264	532
1265	529
1266	527
1267	524
1268	516
1269	512
1270	508
1271	496
1272	492
1273	484
1274	480
1275	472
1276	464
1277	456
1278	449
1279	443
1280	436
1281	432
1282	416
1283	408
1284	404
1285	396
1286	388
1287	382
1288	376
1289	372
1290	362
1291	352
1292	348
1293	344
1294	340
1295	336
1296	332
1297	328
1298	324
1299	320
1300	316
1301	313
1302	311
1303	308
1304	308
1305	304
1306	304
1307	304
1308	304
1309	302
1310	300
1311	300
1312	300
1313	300
1314	300
1315	300
1316	300
1317	300
1318	300
1319	300
1320	300
1321	300
1322	300
1323	300
1324	300
1325	300
1326	300
1327	300
1328	300
1329	300
1330	296
1331	296
1332	296
1333	292
1334	292
1335	292
1336	288
1337	286
1338	284
1339	280
1340	276
1341	276
1342	272
1343	268
1344	264
1345	260
1346	256
1347	256
1348	248
1349	244
1350	240
1351	236
1352	232
1353	228
1354	224
1355	220
1356	212
1357	208
1358	204
1359	200
1360	196
1361	192
1362	188
1363	184
1364	180
1365	172
1366	168
1367	168
1368	164
1369	160
1370	158
1371	156
1372	154
1373	152
1374	152
1375	148
1376	144
1377	144
1378	144
1379	140
1380	140
1381	140
1382	140
1383	140
1384	140
1385	140
1386	140
1387	140
1388	140
1389	140
1390	140
1391	140
1392	140
1393	140
1394	140
1395	140
1396	140
1397	140
1398	140
1399	142
1400	144
1401	144
1402	144
1403	144
1404	144
1405	144
1406	144
1407	144
1408	144
1409	144
1410	144
1411	144
1412	144
1413	144
1414	144
1415	144
1416	140
1417	140
1418	140
1419	140
1420	140
1421	136
1422	136
1423	134
1424	132
1425	130
1426	128
1427	128
1428	128
1429	124
1430	124
1431	120
1432	120
1433	116
1434	112
1435	111
1436	109
1437	108
1438	104
1439	104
1440	100
1441	100
1442	96
1443	96
1444	95
1445	94
1446	94
1447	93
1448	92
1449	80
1450	80
1451	76
1452	76
1453	76
1454	72
1455	68
1456	68
1457	68
1458	64
1459	64
1460	64
1461	64
1462	60
1463	60
1464	60
1465	56
1466	56
1467	56
1468	56
1469	56
1470	52
1471	52
1472	52
1473	52
1474	52
1475	50
1476	48
1477	48
1478	48
1479	48
1480	48
1481	48
1482	48
1483	48
1484	48
1485	48
1486	48
1487	44
1488	44
1489	44
1490	44
1491	44
1492	44
1493	44
1494	44
1495	44
1496	44
1497	44
1498	44
1499	44
1500	44
1501	44
1502	44
1503	44
1504	44
1505	44
1506	44
1507	44
1508	44
1509	44
1510	44
1511	44
1512	44
1513	44
1514	44
1515	44
1516	44
1517	44
1518	44
1519	44
1520	44
1521	44
1522	44
1523	44
1524	44
1525	48
1526	48
1527	48
1528	48
1529	48
1530	48
1531	48
1532	48
1533	48
1534	48
1535	48
1536	48
1537	48
1538	48
1539	48
1540	52
1541	52
1542	52
1543	52
1544	52
1545	52
1546	52
1547	52
1548	52
1549	52
1550	52
1551	52
1552	52
1553	52
1554	52
1555	52
1556	52
1557	52
1558	52
1559	52
1560	52
1561	52
1562	52
1563	52
1564	52
1565	52
1566	52
1567	52
1568	52
1569	52
1570	52
1571	52
1572	52
1573	52
1574	52
1575	52
1576	52
1577	52
1578	52
1579	52
1580	52
1581	52
1582	54
1583	56
1584	56
1585	56
1586	60
1587	60
1588	60
1589	60
1590	64
1591	65
1592	66
1593	67
1594	68
1595	72
1596	76
1597	76
1598	80
1599	80
1600	84
1601	84
1602	88
1603	88
1604	92
1605	92
1606	96
1607	100
1608	104
1609	104
1610	108
1611	112
1612	112
1613	116
1614	116
1615	120
1616	120
1617	124
1618	128
1619	129
1620	130
1621	131
1622	132
1623	132
1624	132
1625	136
1626	136
1627	136
1628	136
1629	136
1630	136
1631	136
1632	136
1633	136
1634	136
1635	136
1636	136
1637	132
1638	132
1639	132
1640	132
1641	128
1642	128
1643	128
1644	128
1645	128
1646	124
1647	124
1648	124
1649	124
1650	124
1651	124
1652	124
1653	124
1654	124
1655	124
1656	125
1657	127
1658	128
1659	128
1660	128
1661	132
1662	136
1663	136
1664	140
1665	144
1666	144
1667	148
1668	152
1669	156
1670	160
1671	164
1672	168
1673	172
1674	176
1675	184
1676	192
1677	200
1678	204
1679	208
1680	215
1681	221
1682	228
1683	232
1684	240
1685	244
1686	252
1687	256
1688	260
1689	268
1690	276
1691	284
1692	288
1693	292
1694	296
1695	300
1696	304
1697	308
1698	312
1699	316
1700	320
1701	322
1702	324
1703	324
1704	324
1705	328
1706	328
1707	328
1708	328
1709	328
1710	328
1711	324
1712	324
1713	324
1714	320
1715	320
1716	316
1717	316
1718	313
1719	311
1720	308
1721	306
1722	304
1723	302
1724	300
1725	300
1726	296
1727	296
1728	296
1729	292
1730	292
1731	292
1732	292
1733	292
1734	292
1735	292
1736	292
1737	292
1738	296
1739	296
1740	300
1741	304
1742	308
1743	312
1744	316
1745	320
1746	328
1747	332
1748	340
1749	344
1750	352
1751	356
1752	364
1753	372
1754	380
1755	388
1756	398
1757	408
1758	416
1759	424
1760	432
1761	440
1762	448
1763	456
1764	464
1765	468
1766	474
1767	480
1768	488
1769	493
1770	499
1771	504
1772	512
1773	512
1774	516
1775	520
1776	520
1777	520
1778	520
1779	520
1780	520
1781	518
1782	516
1783	512
1784	508
1785	504
1786	500
1787	496
1788	492
1789	488
1790	480
1791	476
1792	468
1793	461
1794	455
1795	448
1796	436
1797	428
1798	424
1799	416
1800	408
1801	404
1802	396
1803	392
1804	384
1805	380
1806	376
1807	372
1808	368
1809	360
1810	356
1811	356
1812	352
1813	352
1814	352
1815	352
1816	352
1817	352
1818	353
1819	355
1820	356
1821	364
1822	366
1823	368
1824	376
1825	380
1826	384
1827	392
1828	396
1829	404
1830	408
1831	415
1832	421
1833	428
1834	432
1835	440
1836	444
1837	450
1838	456
1839	460
1840	472
1841	476
1842	480
1843	483
1844	485
1845	488
1846	492
1847	492
1848	496
1849	496
1850	496
1851	496
1852	495
1853	494
1854	493
1855	492
1856	486
1857	480
1858	476
1859	472
1860	468
1861	464
1862	460
1863	456
1864	452
1865	444
1866	440
1867	432
1868	428
1869	420
1870	412
1871	408
1872	400
1873	396
1874	392
1875	388
1876	384
1877	380
1878	376
1879	376
1880	372
1881	371
1882	369
1883	368
1884	368
1885	368
1886	368
1887	368
1888	372
1889	376
1890	380
1891	384
1892	388
1893	392
1894	396
1895	400
1896	408
1897	412
1898	420
1899	424
1900	432
1901	438
1902	444
1903	452
1904	468
1905	476
1906	483
1907	489
1908	496
1909	504
1910	512
1911	520
1912	528
1913	532
1914	540
1915	544
1916	552
1917	556
1918	561
1919	567
1920	572
1921	576
1922	580
1923	580
1924	581
1925	582
1926	583
1927	584
1928	584
1929	584
1930	584
1931	581
1932	579
1933	576
1934	572
1935	568
1936	564
1937	560
1938	556
1939	548
1940	544
1941	538
1942	532
1943	528
1944	518
1945	508
1946	506
1947	504
1948	488
1949	484
1950	476
1951	472
1952	468
1953	460
1954	456
1955	452
1956	447
1957	441
1958	436
1959	432
1960	428
1961	424
1962	422
1963	420
1964	420
1965	416
1966	416
1967	416
1968	416
1969	416
1970	416
1971	420
1972	420
1973	420
1974	424
1975	424
1976	426
1977	428
1978	432
1979	436
1980	440
1981	443
1982	446
1983	449
1984	452
1985	452
1986	456
1987	460
1988	460
1989	464
1990	468
1991	468
1992	472
1993	472
1994	474
1995	476
1996	476
1997	476
1998	476
1999	476
2000	476
2001	476
2002	476
2003	472
2004	472
2005	468
2006	468
2007	465
2008	463
2009	460
2010	456
2011	452
2012	448
2013	446
2014	444
2015	440
2016	428
2017	424
2018	420
2019	416
2020	412
2021	408
2022	404
2023	400
2024	396
2025	392
2026	388
2027	384
2028	380
2029	376
2030	372
2031	369
2032	367
2033	364
2034	364
2035	364
2036	364
2037	364
2038	364
2039	364
2040	364
2041	368
2042	368
2043	372
2044	376
2045	380
2046	384
2047	388
2048	390
2049	392
2050	404
2051	408
2052	412
2053	420
2054	424
2055	432
2056	436
2057	443
2058	449
2059	456
2060	460
2061	468
2062	472
2063	480
2064	484
2065	496
2066	500
2067	504
2068	505
2069	506
2070	506
2071	507
2072	508
2073	528
2074	532
2075	532
2076	536
2077	536
2078	536
2079	536
2080	536
2081	536
2082	536
2083	534
2084	532
2085	528
2086	524
2087	524
2088	520
2089	516
2090	508
2091	504
2092	500
2093	492
2094	488
2095	478
2096	468
2097	464
2098	456
2099	448
2100	440
2101	436
2102	428
2103	420
2104	416
2105	408
2106	400
2107	393
2108	387
2109	380
2110	368
2111	360
2112	356
2113	352
2114	344
2115	340
2116	336
2117	332
2118	328
2119	324
2120	321
2121	319
2122	316
2123	312
2124	308
2125	308
2126	306
2127	304
2128	304
2129	300
2130	300
2131	300
2132	299
2133	297
2134	296
2135	296
2136	296
2137	296
2138	296
2139	296
2140	296
2141	296
2142	296
2143	296
2144	296
2145	296
2146	296
2147	296
2148	296
2149	296
2150	296
2151	296
2152	292
2153	292
2154	292
2155	288
2156	288
2157	284
2158	282
2159	280
2160	278
2161	276
2162	272
2163	268
2164	264
2165	260
2166	256
2167	256
2168	252
2169	248
2170	244
2171	240
2172	236
2173	232
2174	227
2175	222
2176	217
2177	212
2178	208
2179	204
2180	200
2181	196
2182	192
2183	186
2184	180
2185	176
2186	172
2187	172
2188	168
2189	164
2190	160
2191	160
2192	156
2193	152
2194	152
2195	148
2196	147
2197	145
2198	144
2199	144
2200	140
2201	140
2202	140
2203	140
2204	136
2205	136
2206	136
2207	136
2208	136
2209	136
2210	136
2211	136
2212	136
2213	136
2214	140
2215	140
2216	140
2217	140
2218	140
2219	140
2220	140
2221	140
2222	140
2223	141
2224	141
2225	142
2226	143
2227	143
2228	144
2229	144
2230	144
2231	144
2232	144
2233	140
2234	140
2235	140
2236	140
2237	140
2238	140
2239	140
2240	136
2241	136
2242	136
2243	132
2244	132
2245	132
2246	132
2247	128
2248	124
2249	124
2250	124
2251	120
2252	120
2253	116
2254	116
2255	112
2256	112
2257	108
2258	108
2259	104
2260	102
2261	100
2262	96
2263	94
2264	92
2265	90
2266	88
2267	88
2268	84
2269	84
2270	80
2271	80
2272	77
2273	75
2274	72
2275	72
2276	72
2277	68
2278	68
2279	68
2280	64
2281	64
2282	60
2283	60
2284	59
2285	57
2286	56
2287	56
2288	56
2289	56
2290	52
2291	52
2292	52
2293	52
2294	52
2295	52
2296	52
2297	51
2298	49
2299	48
2300	48
2301	48
2302	48
2303	48
2304	48
2305	46
2306	44
2307	44
2308	44
2309	44
2310	44
2311	44
2312	44
2313	44
2314	44
2315	44
2316	44
2317	44
2318	44
2319	44
2320	44
2321	44
2322	44
2323	44
2324	44
2325	44
2326	44
2327	44
2328	44
2329	44
2330	44
2331	44
2332	44
2333	44
2334	44
2335	44
2336	44
2337	44
2338	44
2339	44
2340	44
2341	44
2342	44
2343	44
2344	44
2345	44
2346	44
2347	44
2348	44
2349	48
2350	48
2351	48
2352	48
2353	48
2354	48
2355	48
2356	48
2357	48
2358	48
2359	48
2360	48
2361	48
2362	48
2363	48
2364	48
2365	48
2366	52
2367	52
2368	52
2369	52
2370	52
2371	52
2372	52
2373	52
2374	52
2375	52
2376	52
2377	52
2378	52
2379	52
2380	48
2381	48
2382	48
2383	48
2384	48
2385	48
2386	48
2387	48
2388	48
2389	48
2390	48
2391	48
2392	48
2393	48
2394	48
2395	52
2396	52
2397	52
2398	52
2399	52
2400	52
2401	52
2402	52
2403	56
2404	56
2405	56
2406	56
2407	60
2408	60
2409	60
2410	64
2411	65
2412	67
2413	68
2414	68
2415	68
2416	72
2417	72
2418	76
2419	76
2420	80
2421	84
2422	84
2423	88
2424	91
2425	94
2426	97
2427	100
2428	100
2429	104
2430	108
2431	108
2432	112
2433	112
2434	116
2435	120
2436	120
2437	123
2438	125
2439	128
2440	128
2441	128
2442	132
2443	132
2444	136
2445	136
2446	136
2447	136
2448	136
2449	136
2450	136
2451	136
2452	136
2453	136
2454	136
2455	136
2456	132
2457	132
2458	132
2459	132
2460	132
2461	130
2462	128
2463	128
2464	128
2465	124
2466	124
2467	124
2468	124
2469	124
2470	124
2471	124
2472	124
2473	124
2474	124
2475	124
2476	124
2477	124
2478	126
2479	128
2480	132
2481	132
2482	136
2483	136
2484	140
2485	140
2486	144
2487	148
2488	152
2489	156
2490	160
2491	164
2492	168
2493	172
2494	176
2495	180
2496	184
2497	192
2498	196
2499	197
2500	198
2501	199
2502	200
2503	232
2504	236
2505	244
2506	248
2507	252
2508	258
2509	264
2510	276
2511	280
2512	284
2513	288
2514	292
2515	300
2516	300
2517	304
2518	308
2519	312
2520	316
2521	316
2522	320
2523	320
2524	324
2525	324
2526	324
2527	324
2528	324
2529	324
2530	324
2531	324
2532	324
2533	320
2534	318
2535	317
2536	315
2537	313
2538	311
2539	310
2540	308
2541	308
2542	306
2543	304
2544	300
2545	296
2546	296
2547	294
2548	292
2549	292
2550	291
2551	289
2552	288
2553	288
2554	288
2555	288
2556	288
2557	292
2558	296
2559	296
2560	296
2561	300
2562	308
2563	312
2564	316
2565	320
2566	324
2567	328
2568	336
2569	340
2570	348
2571	356
2572	360
2573	368
2574	376
2575	384
2576	394
2577	404
2578	412
2579	420
2580	428
2581	432
2582	440
2583	448
2584	456
2585	468
2586	472
2587	476
2588	483
2589	489
2590	496
2591	500
2592	504
2593	508
2594	512
2595	512
2596	516
2597	516
2598	516
2599	516
2600	515
2601	513
2602	512
2603	512
2604	508
2605	504
2606	496
2607	492
2608	490
2609	488
2610	476
2611	468
2612	463
2613	457
2614	452
2615	444
2616	436
2617	432
2618	424
2619	416
2620	404
2621	402
2622	400
2623	392
2624	385
2625	379
2626	372
2627	368
2628	364
2629	360
2630	360
2631	356
2632	356
2633	355
2634	354
2635	353
2636	352
2637	352
2638	356
2639	360
2640	362
2641	364
2642	364
2643	372
2644	376
2645	384
2646	388
2647	392
2648	400
2649	404
2650	411
2651	417
2652	424
2653	428
2654	436
2655	440
2656	448
2657	452
2658	456
2659	464
2660	468
2661	472
2662	476
2663	480
2664	484
2665	488
2666	492
2667	492
2668	492
2669	492
2670	492
2671	492
2672	492
2673	492
2674	488
2675	488
2676	484
2677	480
2678	476
2679	472
2680	468
2681	464
2682	460
2683	456
2684	444
2685	440
2686	432
2687	428
2688	423
2689	417
2690	412
2691	404
2692	400
2693	396
2694	392
2695	388
2696	384
2697	380
2698	376
2699	372
2700	372
2701	368
2702	368
2703	368
2704	368
2705	368
2706	368
2707	372
2708	372
2709	374
2710	376
2711	380
2712	384
2713	388
2714	393
2715	399
2716	404
2717	416
2718	420
2719	428
2720	436
2721	440
2722	448
2723	456
2724	464
2725	468
2726	476
2727	484
2728	492
2729	500
2730	512
2731	520
2732	526
2733	532
2734	540
2735	544
2736	552
2737	556
